0.0,0.0,170.0,170.0,169.0,170.0,170.0
1000.0,12.0,130.0,143.0,120.0,123.0,126.0
2000.0,37.0,115.0,141.0,106.0,106.0,126.0
3000.0,45.0,112.0,137.0,109.0,100.0,134.0
4000.0,59.0,111.0,135.0,101.0,98.0,143.0
5000.0,66.0,116.0,123.0,105.0,90.0,149.0
6000.0,76.0,105.0,129.0,108.0,83.0,152.0
7000.0,85.0,106.0,134.0,114.0,90.0,146.0
8000.0,90.0,114.0,144.0,106.0,85.0,144.0
9000.0,105.0,118.0,134.0,107.0,82.0,137.0
10000.0,104.0,120.0,137.0,114.0,83.0,134.0
11000.0,112.0,119.0,133.0,109.0,80.0,115.0
12000.0,111.0,113.0,132.0,108.0,87.0,112.0
13000.0,129.0,102.0,138.0,106.0,82.0,123.0
14000.0,131.0,103.0,133.0,113.0,74.0,124.0
15000.0,138.0,97.0,148.0,109.0,77.0,126.0
16000.0,155.0,88.0,142.0,113.0,80.0,132.0
17000.0,170.0,88.0,136.0,108.0,75.0,134.0
18000.0,183.0,89.0,133.0,103.0,76.0,129.0
19000.0,181.0,98.0,131.0,97.0,78.0,126.0
20000.0,189.0,102.0,121.0,103.0,76.0,129.0
21000.0,188.0,99.0,113.0,100.0,76.0,127.0
22000.0,189.0,98.0,120.0,99.0,75.0,128.0
23000.0,188.0,94.0,117.0,98.0,75.0,130.0
24000.0,202.0,96.0,123.0,88.0,69.0,121.0
25000.0,211.0,93.0,119.0,89.0,73.0,111.0
26000.0,206.0,96.0,121.0,92.0,66.0,113.0
27000.0,210.0,104.0,119.0,89.0,66.0,114.0
28000.0,216.0,102.0,112.0,99.0,65.0,116.0
29000.0,220.0,103.0,113.0,100.0,59.0,116.0
30000.0,222.0,97.0,118.0,92.0,58.0,116.0
31000.0,237.0,97.0,119.0,89.0,66.0,117.0
32000.0,239.0,100.0,113.0,91.0,55.0,121.0
33000.0,253.0,95.0,103.0,88.0,52.0,117.0
34000.0,260.0,87.0,112.0,86.0,50.0,115.0
35000.0,272.0,93.0,109.0,89.0,49.0,116.0
36000.0,260.0,97.0,99.0,95.0,51.0,113.0
37000.0,260.0,91.0,106.0,98.0,52.0,110.0
38000.0,264.0,94.0,104.0,106.0,50.0,104.0
39000.0,267.0,93.0,97.0,98.0,50.0,94.0
40000.0,260.0,101.0,90.0,107.0,47.0,104.0
41000.0,268.0,95.0,94.0,100.0,53.0,112.0
42000.0,269.0,101.0,89.0,96.0,52.0,102.0
43000.0,259.0,97.0,91.0,97.0,42.0,104.0
44000.0,281.0,91.0,94.0,99.0,55.0,109.0
45000.0,284.0,92.0,93.0,91.0,55.0,103.0
46000.0,278.0,96.0,88.0,97.0,49.0,101.0
47000.0,279.0,97.0,80.0,106.0,50.0,103.0
48000.0,290.0,96.0,76.0,90.0,49.0,107.0
49000.0,305.0,99.0,76.0,96.0,46.0,106.0
50000.0,321.0,89.0,72.0,98.0,46.0,99.0
51000.0,319.0,86.0,73.0,93.0,49.0,100.0
52000.0,320.0,88.0,69.0,103.0,55.0,100.0
53000.0,326.0,93.0,65.0,100.0,44.0,102.0
54000.0,330.0,95.0,72.0,105.0,43.0,98.0
55000.0,329.0,94.0,66.0,98.0,42.0,100.0
56000.0,341.0,88.0,64.0,94.0,41.0,93.0
57000.0,353.0,85.0,66.0,104.0,36.0,88.0
58000.0,355.0,83.0,63.0,94.0,38.0,95.0
59000.0,383.0,88.0,59.0,92.0,31.0,76.0
60000.0,371.0,90.0,61.0,93.0,29.0,78.0
61000.0,391.0,92.0,59.0,99.0,29.0,86.0
62000.0,374.0,91.0,53.0,107.0,37.0,76.0
63000.0,374.0,89.0,65.0,98.0,36.0,77.0
64000.0,389.0,86.0,60.0,96.0,34.0,82.0
65000.0,394.0,79.0,59.0,98.0,32.0,81.0
66000.0,392.0,83.0,60.0,99.0,30.0,74.0
67000.0,406.0,85.0,56.0,94.0,33.0,76.0
68000.0,400.0,83.0,57.0,104.0,31.0,67.0
69000.0,404.0,82.0,60.0,101.0,33.0,73.0
70000.0,413.0,84.0,58.0,101.0,31.0,73.0
71000.0,418.0,84.0,56.0,106.0,30.0,72.0
72000.0,418.0,80.0,56.0,108.0,25.0,69.0
73000.0,417.0,73.0,61.0,100.0,27.0,70.0
74000.0,429.0,79.0,52.0,103.0,32.0,62.0
75000.0,424.0,72.0,55.0,111.0,30.0,59.0
76000.0,426.0,73.0,58.0,106.0,27.0,60.0
77000.0,435.0,60.0,65.0,101.0,27.0,56.0
78000.0,438.0,62.0,57.0,98.0,29.0,58.0
79000.0,444.0,54.0,58.0,92.0,28.0,51.0
80000.0,466.0,57.0,58.0,99.0,30.0,46.0
81000.0,468.0,58.0,53.0,101.0,27.0,42.0
82000.0,450.0,65.0,55.0,102.0,31.0,48.0
83000.0,460.0,59.0,53.0,103.0,31.0,46.0
84000.0,480.0,60.0,50.0,98.0,31.0,44.0
85000.0,489.0,53.0,52.0,95.0,35.0,47.0
86000.0,481.0,50.0,52.0,102.0,30.0,45.0
87000.0,475.0,51.0,50.0,96.0,29.0,49.0
88000.0,483.0,47.0,48.0,91.0,30.0,50.0
89000.0,482.0,50.0,55.0,91.0,30.0,48.0
90000.0,477.0,53.0,56.0,92.0,24.0,49.0
91000.0,495.0,49.0,50.0,82.0,24.0,48.0
92000.0,485.0,44.0,48.0,94.0,30.0,51.0
93000.0,490.0,41.0,48.0,91.0,33.0,48.0
94000.0,499.0,46.0,47.0,83.0,29.0,47.0
95000.0,509.0,47.0,47.0,78.0,28.0,50.0
96000.0,513.0,47.0,50.0,88.0,23.0,47.0
97000.0,512.0,49.0,51.0,77.0,20.0,49.0
98000.0,511.0,51.0,44.0,75.0,21.0,57.0
99000.0,519.0,48.0,50.0,75.0,24.0,56.0
100000.0,515.0,45.0,49.0,75.0,21.0,56.0
101000.0,504.0,45.0,47.0,78.0,24.0,55.0
102000.0,495.0,39.0,43.0,69.0,30.0,57.0
103000.0,524.0,34.0,39.0,74.0,34.0,57.0
104000.0,514.0,36.0,37.0,78.0,30.0,60.0
105000.0,520.0,37.0,39.0,75.0,30.0,58.0
106000.0,520.0,30.0,43.0,72.0,32.0,65.0
107000.0,532.0,38.0,38.0,69.0,32.0,63.0
108000.0,527.0,35.0,43.0,68.0,32.0,63.0
109000.0,537.0,33.0,48.0,61.0,27.0,57.0
110000.0,539.0,30.0,45.0,70.0,31.0,56.0
111000.0,537.0,33.0,52.0,65.0,27.0,58.0
112000.0,530.0,33.0,49.0,61.0,25.0,61.0
113000.0,540.0,32.0,43.0,68.0,26.0,54.0
114000.0,540.0,39.0,44.0,68.0,24.0,51.0
115000.0,544.0,33.0,41.0,67.0,28.0,55.0
116000.0,555.0,35.0,42.0,67.0,25.0,45.0
117000.0,571.0,31.0,38.0,65.0,26.0,50.0
118000.0,574.0,35.0,39.0,57.0,24.0,51.0
119000.0,572.0,31.0,34.0,60.0,26.0,51.0
120000.0,554.0,29.0,35.0,62.0,22.0,50.0
121000.0,557.0,32.0,39.0,62.0,21.0,52.0
122000.0,571.0,34.0,36.0,65.0,21.0,52.0
123000.0,575.0,34.0,37.0,60.0,23.0,54.0
124000.0,573.0,32.0,36.0,57.0,18.0,52.0
125000.0,587.0,32.0,37.0,50.0,15.0,52.0
126000.0,598.0,34.0,32.0,52.0,15.0,48.0
127000.0,597.0,32.0,35.0,52.0,13.0,46.0
128000.0,599.0,30.0,36.0,54.0,12.0,49.0
129000.0,596.0,30.0,35.0,52.0,13.0,51.0
130000.0,593.0,27.0,31.0,54.0,14.0,53.0
131000.0,615.0,28.0,31.0,52.0,11.0,49.0
132000.0,619.0,26.0,32.0,50.0,11.0,42.0
133000.0,598.0,29.0,34.0,48.0,13.0,45.0
134000.0,615.0,26.0,30.0,43.0,16.0,44.0
135000.0,617.0,25.0,31.0,41.0,15.0,45.0
136000.0,621.0,28.0,35.0,42.0,13.0,46.0
137000.0,629.0,28.0,34.0,43.0,15.0,46.0
138000.0,616.0,24.0,34.0,42.0,15.0,46.0
139000.0,633.0,23.0,38.0,44.0,13.0,43.0
140000.0,615.0,24.0,40.0,48.0,13.0,45.0
141000.0,622.0,22.0,35.0,54.0,10.0,45.0
142000.0,618.0,22.0,34.0,53.0,11.0,45.0
143000.0,607.0,29.0,35.0,61.0,9.0,48.0
144000.0,602.0,25.0,36.0,54.0,10.0,47.0
145000.0,623.0,24.0,33.0,51.0,13.0,49.0
146000.0,614.0,22.0,33.0,58.0,10.0,51.0
147000.0,604.0,22.0,32.0,60.0,11.0,47.0
148000.0,596.0,25.0,29.0,59.0,14.0,44.0
149000.0,598.0,24.0,36.0,56.0,12.0,50.0
150000.0,601.0,24.0,35.0,57.0,12.0,52.0
151000.0,613.0,22.0,38.0,56.0,15.0,40.0
152000.0,616.0,21.0,35.0,53.0,14.0,42.0
153000.0,628.0,23.0,36.0,53.0,13.0,41.0
154000.0,622.0,24.0,33.0,53.0,11.0,43.0
155000.0,622.0,25.0,33.0,56.0,12.0,38.0
156000.0,627.0,20.0,41.0,55.0,8.0,40.0
157000.0,621.0,20.0,34.0,53.0,8.0,39.0
158000.0,617.0,20.0,33.0,53.0,11.0,37.0
159000.0,634.0,18.0,31.0,55.0,12.0,37.0
160000.0,628.0,18.0,34.0,49.0,10.0,40.0
161000.0,639.0,23.0,29.0,49.0,7.0,39.0
162000.0,645.0,19.0,37.0,53.0,7.0,38.0
163000.0,633.0,16.0,34.0,46.0,10.0,42.0
164000.0,642.0,16.0,37.0,47.0,9.0,38.0
165000.0,629.0,14.0,37.0,48.0,13.0,43.0
166000.0,621.0,14.0,39.0,46.0,12.0,41.0
167000.0,632.0,17.0,38.0,43.0,9.0,41.0
168000.0,621.0,17.0,36.0,43.0,15.0,44.0
169000.0,632.0,15.0,37.0,44.0,12.0,42.0
170000.0,636.0,15.0,34.0,45.0,11.0,42.0
171000.0,645.0,14.0,33.0,40.0,10.0,42.0
172000.0,645.0,13.0,35.0,44.0,10.0,48.0
173000.0,643.0,12.0,35.0,43.0,10.0,46.0
174000.0,646.0,14.0,32.0,46.0,10.0,45.0
175000.0,649.0,15.0,36.0,48.0,11.0,40.0
176000.0,635.0,18.0,42.0,49.0,15.0,37.0
177000.0,632.0,17.0,41.0,46.0,14.0,42.0
178000.0,620.0,14.0,43.0,45.0,17.0,40.0
179000.0,620.0,14.0,42.0,48.0,16.0,41.0
180000.0,632.0,16.0,40.0,54.0,15.0,35.0
181000.0,642.0,14.0,36.0,56.0,13.0,35.0
182000.0,631.0,14.0,38.0,54.0,11.0,41.0
183000.0,620.0,16.0,36.0,56.0,14.0,42.0
184000.0,632.0,15.0,36.0,57.0,16.0,47.0
185000.0,636.0,16.0,36.0,52.0,14.0,44.0
186000.0,625.0,17.0,32.0,57.0,16.0,38.0
187000.0,620.0,16.0,29.0,62.0,15.0,39.0
188000.0,620.0,15.0,34.0,62.0,17.0,36.0
189000.0,620.0,19.0,33.0,59.0,18.0,41.0
190000.0,617.0,23.0,33.0,51.0,16.0,40.0
191000.0,620.0,22.0,34.0,50.0,17.0,39.0
192000.0,616.0,23.0,31.0,54.0,14.0,45.0
193000.0,627.0,23.0,32.0,53.0,11.0,46.0
194000.0,623.0,26.0,33.0,51.0,12.0,46.0
195000.0,619.0,21.0,32.0,51.0,10.0,45.0
196000.0,630.0,21.0,34.0,44.0,9.0,47.0
197000.0,625.0,25.0,35.0,45.0,10.0,43.0
198000.0,634.0,24.0,32.0,49.0,12.0,45.0
199000.0,647.0,26.0,32.0,48.0,13.0,38.0
200000.0,642.0,23.0,33.0,44.0,12.0,36.0
201000.0,626.0,31.0,30.0,40.0,12.0,32.0
202000.0,631.0,21.0,31.0,52.0,11.0,29.0
203000.0,632.0,22.0,32.0,47.0,9.0,35.0
204000.0,639.0,22.0,32.0,42.0,11.0,38.0
205000.0,636.0,22.0,33.0,42.0,14.0,43.0
206000.0,643.0,21.0,31.0,41.0,16.0,37.0
207000.0,632.0,21.0,34.0,42.0,15.0,37.0
208000.0,632.0,24.0,37.0,45.0,15.0,36.0
209000.0,640.0,19.0,38.0,44.0,16.0,35.0
210000.0,638.0,21.0,35.0,37.0,14.0,34.0
211000.0,644.0,18.0,38.0,31.0,14.0,34.0
212000.0,644.0,18.0,34.0,35.0,15.0,38.0
213000.0,644.0,19.0,40.0,35.0,14.0,32.0
214000.0,662.0,17.0,40.0,35.0,18.0,31.0
215000.0,659.0,17.0,35.0,34.0,17.0,31.0
216000.0,661.0,16.0,36.0,34.0,18.0,34.0
217000.0,672.0,13.0,34.0,30.0,17.0,35.0
218000.0,668.0,14.0,37.0,35.0,19.0,35.0
219000.0,655.0,13.0,37.0,29.0,19.0,33.0
220000.0,653.0,13.0,34.0,29.0,18.0,35.0
221000.0,651.0,12.0,38.0,32.0,18.0,39.0
222000.0,654.0,16.0,39.0,32.0,20.0,35.0
223000.0,653.0,10.0,40.0,33.0,16.0,35.0
224000.0,663.0,10.0,38.0,34.0,17.0,35.0
225000.0,656.0,13.0,39.0,33.0,18.0,36.0
226000.0,658.0,11.0,39.0,31.0,17.0,36.0
227000.0,658.0,13.0,37.0,38.0,15.0,41.0
228000.0,651.0,13.0,41.0,35.0,15.0,37.0
229000.0,653.0,14.0,39.0,32.0,12.0,36.0
230000.0,669.0,8.0,38.0,34.0,10.0,34.0
231000.0,676.0,13.0,36.0,33.0,8.0,34.0
232000.0,675.0,9.0,36.0,33.0,8.0,33.0
233000.0,689.0,11.0,31.0,33.0,10.0,30.0
234000.0,685.0,10.0,34.0,30.0,11.0,31.0
235000.0,676.0,16.0,35.0,30.0,11.0,30.0
236000.0,675.0,13.0,37.0,31.0,11.0,32.0
237000.0,670.0,12.0,35.0,35.0,12.0,37.0
238000.0,680.0,13.0,39.0,31.0,12.0,32.0
239000.0,668.0,14.0,40.0,29.0,13.0,30.0
240000.0,670.0,15.0,42.0,30.0,13.0,30.0
241000.0,660.0,14.0,36.0,29.0,15.0,32.0
242000.0,669.0,13.0,34.0,31.0,15.0,31.0
243000.0,660.0,18.0,36.0,34.0,14.0,31.0
244000.0,658.0,17.0,35.0,35.0,12.0,33.0
245000.0,660.0,16.0,36.0,34.0,13.0,34.0
246000.0,664.0,17.0,33.0,32.0,9.0,37.0
247000.0,663.0,18.0,37.0,33.0,12.0,37.0
248000.0,662.0,19.0,35.0,30.0,13.0,34.0
249000.0,663.0,20.0,36.0,32.0,12.0,30.0
250000.0,677.0,11.0,35.0,33.0,10.0,27.0
251000.0,671.0,14.0,32.0,38.0,9.0,28.0
252000.0,672.0,16.0,30.0,36.0,9.0,28.0
253000.0,679.0,16.0,32.0,34.0,10.0,28.0
254000.0,692.0,13.0,31.0,33.0,9.0,28.0
255000.0,670.0,19.0,33.0,36.0,12.0,26.0
256000.0,664.0,14.0,35.0,38.0,13.0,25.0
257000.0,683.0,15.0,34.0,36.0,10.0,27.0
258000.0,680.0,11.0,33.0,40.0,11.0,25.0
259000.0,679.0,8.0,31.0,39.0,10.0,29.0
260000.0,672.0,10.0,32.0,41.0,10.0,26.0
261000.0,678.0,12.0,33.0,37.0,9.0,27.0
262000.0,687.0,13.0,33.0,35.0,11.0,28.0
263000.0,684.0,16.0,29.0,39.0,9.0,27.0
264000.0,675.0,14.0,26.0,35.0,9.0,26.0
265000.0,678.0,12.0,28.0,37.0,11.0,26.0
266000.0,689.0,13.0,29.0,34.0,9.0,30.0
267000.0,689.0,13.0,27.0,32.0,13.0,32.0
268000.0,697.0,10.0,28.0,36.0,11.0,31.0
269000.0,677.0,11.0,28.0,40.0,10.0,33.0
270000.0,684.0,11.0,27.0,35.0,10.0,33.0
271000.0,674.0,10.0,25.0,35.0,8.0,33.0
272000.0,673.0,13.0,28.0,34.0,12.0,33.0
273000.0,675.0,15.0,26.0,34.0,13.0,32.0
274000.0,664.0,16.0,28.0,38.0,10.0,32.0
275000.0,684.0,14.0,30.0,35.0,12.0,32.0
276000.0,672.0,18.0,26.0,34.0,14.0,30.0
277000.0,665.0,13.0,24.0,34.0,16.0,35.0
278000.0,673.0,18.0,24.0,34.0,16.0,29.0
279000.0,685.0,14.0,24.0,32.0,15.0,29.0
280000.0,685.0,13.0,27.0,32.0,17.0,30.0
281000.0,682.0,17.0,25.0,33.0,14.0,31.0
282000.0,677.0,19.0,25.0,36.0,16.0,29.0
283000.0,682.0,18.0,27.0,36.0,16.0,27.0
284000.0,678.0,15.0,31.0,37.0,12.0,29.0
285000.0,692.0,18.0,26.0,37.0,13.0,27.0
286000.0,686.0,18.0,26.0,34.0,16.0,25.0
287000.0,679.0,18.0,27.0,34.0,16.0,27.0
288000.0,673.0,17.0,25.0,33.0,19.0,30.0
289000.0,681.0,17.0,28.0,35.0,15.0,32.0
290000.0,680.0,17.0,26.0,34.0,15.0,29.0
291000.0,670.0,22.0,24.0,31.0,16.0,35.0
292000.0,658.0,18.0,23.0,32.0,18.0,36.0
293000.0,667.0,17.0,24.0,32.0,15.0,36.0
294000.0,662.0,20.0,27.0,33.0,19.0,34.0
295000.0,665.0,17.0,24.0,30.0,15.0,32.0
296000.0,656.0,20.0,28.0,32.0,15.0,35.0
297000.0,656.0,20.0,28.0,32.0,17.0,36.0
298000.0,660.0,18.0,33.0,32.0,17.0,35.0
299000.0,651.0,17.0,29.0,30.0,16.0,36.0
300000.0,657.0,22.0,27.0,30.0,21.0,36.0
301000.0,666.0,19.0,30.0,27.0,19.0,35.0
302000.0,659.0,22.0,29.0,27.0,21.0,38.0
303000.0,667.0,23.0,28.0,31.0,19.0,35.0
304000.0,662.0,19.0,33.0,30.0,19.0,34.0
305000.0,660.0,21.0,29.0,30.0,18.0,34.0
306000.0,665.0,20.0,30.0,26.0,15.0,36.0
307000.0,661.0,20.0,29.0,26.0,16.0,32.0
308000.0,662.0,18.0,29.0,26.0,17.0,35.0
309000.0,674.0,19.0,30.0,27.0,16.0,30.0
310000.0,670.0,17.0,31.0,26.0,15.0,27.0
311000.0,682.0,15.0,30.0,30.0,16.0,25.0
312000.0,676.0,12.0,31.0,28.0,15.0,29.0
313000.0,678.0,11.0,29.0,29.0,18.0,37.0
314000.0,681.0,8.0,31.0,29.0,18.0,33.0
315000.0,687.0,12.0,28.0,29.0,12.0,33.0
316000.0,674.0,13.0,24.0,34.0,16.0,32.0
317000.0,680.0,12.0,27.0,34.0,12.0,34.0
318000.0,678.0,14.0,25.0,36.0,13.0,28.0
319000.0,684.0,16.0,26.0,35.0,14.0,25.0
320000.0,686.0,12.0,28.0,35.0,14.0,27.0
321000.0,679.0,16.0,33.0,35.0,14.0,31.0
322000.0,679.0,16.0,32.0,33.0,16.0,29.0
323000.0,674.0,18.0,29.0,38.0,11.0,31.0
324000.0,684.0,17.0,29.0,35.0,15.0,28.0
325000.0,669.0,18.0,28.0,33.0,15.0,35.0
326000.0,672.0,18.0,28.0,35.0,14.0,31.0
327000.0,673.0,16.0,31.0,36.0,11.0,28.0
328000.0,670.0,15.0,33.0,34.0,10.0,32.0
329000.0,679.0,14.0,33.0,36.0,10.0,31.0
330000.0,678.0,14.0,30.0,38.0,9.0,29.0
331000.0,668.0,12.0,31.0,33.0,8.0,29.0
332000.0,668.0,17.0,30.0,31.0,11.0,30.0
333000.0,670.0,18.0,30.0,29.0,12.0,28.0
334000.0,685.0,18.0,27.0,33.0,10.0,29.0
335000.0,678.0,16.0,27.0,33.0,10.0,25.0
336000.0,680.0,12.0,33.0,34.0,12.0,28.0
337000.0,686.0,16.0,34.0,34.0,11.0,28.0
338000.0,678.0,13.0,31.0,35.0,13.0,33.0
339000.0,668.0,12.0,33.0,37.0,13.0,30.0
340000.0,680.0,11.0,32.0,31.0,13.0,29.0
341000.0,682.0,13.0,31.0,34.0,15.0,30.0
342000.0,668.0,12.0,31.0,31.0,15.0,32.0
343000.0,672.0,10.0,35.0,31.0,16.0,32.0
344000.0,669.0,11.0,33.0,32.0,15.0,33.0
345000.0,667.0,11.0,36.0,32.0,16.0,35.0
346000.0,675.0,11.0,30.0,31.0,15.0,32.0
347000.0,673.0,13.0,33.0,30.0,17.0,34.0
348000.0,669.0,11.0,35.0,31.0,19.0,35.0
349000.0,670.0,12.0,36.0,30.0,17.0,36.0
350000.0,676.0,9.0,37.0,28.0,18.0,32.0
351000.0,682.0,9.0,29.0,30.0,15.0,28.0
352000.0,688.0,11.0,28.0,29.0,17.0,28.0
353000.0,677.0,15.0,33.0,31.0,15.0,30.0
354000.0,662.0,12.0,35.0,34.0,18.0,33.0
355000.0,655.0,9.0,29.0,36.0,21.0,36.0
356000.0,665.0,11.0,32.0,32.0,20.0,37.0
357000.0,668.0,10.0,27.0,34.0,18.0,36.0
358000.0,667.0,10.0,32.0,30.0,18.0,33.0
359000.0,678.0,16.0,30.0,28.0,16.0,33.0
360000.0,677.0,11.0,28.0,29.0,19.0,34.0
361000.0,681.0,13.0,31.0,27.0,10.0,34.0
362000.0,676.0,12.0,28.0,28.0,12.0,31.0
363000.0,685.0,13.0,26.0,31.0,10.0,32.0
364000.0,678.0,12.0,26.0,34.0,15.0,35.0
365000.0,683.0,14.0,27.0,33.0,17.0,29.0
366000.0,676.0,15.0,23.0,32.0,15.0,31.0
367000.0,670.0,14.0,29.0,32.0,17.0,32.0
368000.0,666.0,16.0,28.0,34.0,14.0,31.0
369000.0,671.0,12.0,29.0,31.0,15.0,32.0
370000.0,671.0,14.0,32.0,31.0,19.0,33.0
371000.0,670.0,18.0,34.0,31.0,17.0,36.0
372000.0,665.0,14.0,30.0,30.0,14.0,31.0
373000.0,668.0,17.0,29.0,31.0,14.0,30.0
374000.0,671.0,12.0,30.0,28.0,18.0,34.0
375000.0,676.0,11.0,31.0,29.0,16.0,38.0
376000.0,679.0,7.0,24.0,31.0,15.0,35.0
377000.0,692.0,9.0,27.0,30.0,15.0,35.0
378000.0,691.0,9.0,21.0,30.0,15.0,40.0
379000.0,692.0,11.0,22.0,33.0,16.0,37.0
380000.0,676.0,10.0,21.0,36.0,14.0,37.0
381000.0,684.0,9.0,21.0,31.0,14.0,34.0
382000.0,668.0,10.0,22.0,30.0,17.0,32.0
383000.0,677.0,7.0,27.0,30.0,19.0,30.0
384000.0,665.0,11.0,23.0,33.0,20.0,27.0
385000.0,671.0,11.0,25.0,38.0,21.0,31.0
386000.0,670.0,14.0,25.0,35.0,21.0,32.0
387000.0,677.0,13.0,23.0,33.0,16.0,31.0
388000.0,675.0,13.0,21.0,34.0,18.0,29.0
389000.0,683.0,13.0,23.0,31.0,19.0,25.0
390000.0,672.0,10.0,21.0,40.0,18.0,25.0
391000.0,671.0,11.0,21.0,41.0,20.0,26.0
392000.0,671.0,13.0,19.0,41.0,18.0,25.0
393000.0,668.0,11.0,23.0,41.0,16.0,24.0
394000.0,668.0,12.0,27.0,41.0,15.0,24.0
395000.0,674.0,11.0,26.0,44.0,12.0,20.0
396000.0,657.0,10.0,22.0,49.0,11.0,25.0
397000.0,672.0,11.0,23.0,48.0,12.0,23.0
398000.0,667.0,12.0,20.0,48.0,11.0,26.0
399000.0,673.0,10.0,18.0,46.0,13.0,29.0
400000.0,678.0,10.0,19.0,44.0,13.0,25.0
401000.0,683.0,12.0,18.0,43.0,14.0,29.0
402000.0,690.0,14.0,17.0,39.0,10.0,32.0
403000.0,674.0,14.0,21.0,40.0,9.0,31.0
404000.0,676.0,16.0,19.0,37.0,11.0,31.0
405000.0,684.0,12.0,19.0,39.0,13.0,31.0
406000.0,681.0,11.0,20.0,36.0,13.0,27.0
407000.0,693.0,15.0,19.0,39.0,11.0,30.0
408000.0,684.0,12.0,18.0,43.0,13.0,32.0
409000.0,681.0,14.0,17.0,45.0,10.0,30.0
410000.0,684.0,12.0,17.0,42.0,9.0,26.0
411000.0,684.0,11.0,19.0,42.0,11.0,27.0
412000.0,679.0,10.0,18.0,43.0,13.0,29.0
413000.0,676.0,14.0,23.0,41.0,10.0,30.0
414000.0,684.0,11.0,19.0,37.0,11.0,33.0
415000.0,678.0,13.0,21.0,42.0,11.0,29.0
416000.0,680.0,11.0,18.0,46.0,12.0,28.0
417000.0,681.0,11.0,20.0,44.0,13.0,25.0
418000.0,681.0,11.0,24.0,38.0,13.0,27.0
419000.0,683.0,10.0,19.0,42.0,14.0,29.0
420000.0,687.0,10.0,19.0,35.0,13.0,25.0
421000.0,699.0,11.0,19.0,39.0,16.0,25.0
422000.0,695.0,9.0,18.0,40.0,15.0,23.0
423000.0,703.0,12.0,19.0,40.0,14.0,24.0
424000.0,696.0,13.0,21.0,43.0,13.0,21.0
425000.0,703.0,14.0,19.0,38.0,9.0,23.0
426000.0,689.0,12.0,19.0,45.0,11.0,23.0
427000.0,677.0,14.0,18.0,51.0,12.0,26.0
428000.0,675.0,12.0,18.0,43.0,9.0,25.0
429000.0,676.0,12.0,20.0,45.0,12.0,26.0
430000.0,685.0,12.0,21.0,45.0,13.0,24.0
431000.0,705.0,8.0,22.0,37.0,9.0,24.0
432000.0,691.0,8.0,23.0,36.0,10.0,23.0
433000.0,698.0,10.0,25.0,37.0,10.0,21.0
434000.0,693.0,9.0,20.0,38.0,8.0,24.0
435000.0,694.0,8.0,19.0,40.0,7.0,18.0
436000.0,703.0,11.0,24.0,39.0,7.0,16.0
437000.0,696.0,8.0,26.0,44.0,8.0,16.0
438000.0,699.0,8.0,25.0,38.0,7.0,16.0
439000.0,694.0,13.0,23.0,42.0,10.0,18.0
440000.0,693.0,11.0,25.0,41.0,10.0,18.0
441000.0,702.0,10.0,23.0,42.0,9.0,16.0
442000.0,696.0,9.0,22.0,41.0,7.0,19.0
443000.0,677.0,10.0,28.0,41.0,9.0,20.0
444000.0,683.0,10.0,27.0,41.0,8.0,21.0
445000.0,678.0,12.0,30.0,48.0,7.0,22.0
446000.0,679.0,10.0,33.0,46.0,8.0,23.0
447000.0,675.0,12.0,29.0,49.0,5.0,22.0
448000.0,672.0,11.0,28.0,41.0,4.0,24.0
449000.0,669.0,13.0,26.0,47.0,6.0,22.0
450000.0,689.0,15.0,24.0,43.0,6.0,21.0
451000.0,694.0,14.0,29.0,41.0,6.0,22.0
452000.0,681.0,11.0,30.0,43.0,6.0,24.0
453000.0,687.0,14.0,32.0,40.0,7.0,22.0
454000.0,693.0,10.0,29.0,38.0,7.0,21.0
455000.0,688.0,12.0,28.0,35.0,9.0,17.0
456000.0,709.0,10.0,26.0,37.0,8.0,15.0
457000.0,705.0,10.0,28.0,36.0,6.0,18.0
458000.0,699.0,9.0,24.0,39.0,9.0,19.0
459000.0,697.0,14.0,25.0,39.0,8.0,16.0
460000.0,699.0,12.0,27.0,36.0,7.0,19.0
461000.0,706.0,11.0,27.0,35.0,9.0,20.0
462000.0,702.0,14.0,24.0,35.0,10.0,23.0
463000.0,678.0,17.0,25.0,36.0,8.0,22.0
464000.0,676.0,18.0,27.0,39.0,8.0,30.0
465000.0,667.0,16.0,26.0,39.0,6.0,29.0
466000.0,671.0,18.0,26.0,36.0,8.0,31.0
467000.0,683.0,16.0,25.0,35.0,9.0,32.0
468000.0,679.0,16.0,24.0,35.0,12.0,35.0
469000.0,669.0,17.0,22.0,33.0,10.0,33.0
470000.0,678.0,13.0,24.0,31.0,10.0,32.0
471000.0,679.0,16.0,25.0,36.0,12.0,33.0
472000.0,684.0,14.0,28.0,37.0,11.0,31.0
473000.0,669.0,16.0,26.0,35.0,10.0,37.0
474000.0,671.0,15.0,27.0,34.0,10.0,33.0
475000.0,666.0,14.0,21.0,38.0,15.0,34.0
476000.0,672.0,11.0,24.0,38.0,13.0,31.0
477000.0,669.0,11.0,26.0,36.0,13.0,33.0
478000.0,676.0,9.0,29.0,36.0,14.0,28.0
479000.0,680.0,11.0,26.0,35.0,12.0,29.0
480000.0,661.0,11.0,29.0,43.0,17.0,25.0
481000.0,657.0,12.0,28.0,41.0,17.0,31.0
482000.0,667.0,10.0,26.0,39.0,12.0,30.0
483000.0,665.0,18.0,27.0,40.0,13.0,31.0
484000.0,662.0,19.0,26.0,34.0,13.0,30.0
485000.0,661.0,20.0,28.0,35.0,12.0,24.0
486000.0,670.0,16.0,26.0,37.0,14.0,28.0
487000.0,672.0,16.0,28.0,32.0,11.0,28.0
488000.0,674.0,16.0,28.0,34.0,12.0,30.0
489000.0,674.0,14.0,31.0,36.0,15.0,28.0
490000.0,673.0,17.0,28.0,39.0,17.0,29.0
491000.0,664.0,15.0,28.0,34.0,11.0,31.0
492000.0,662.0,16.0,35.0,36.0,13.0,33.0
493000.0,679.0,12.0,32.0,36.0,14.0,29.0
494000.0,676.0,13.0,35.0,35.0,14.0,26.0
495000.0,668.0,12.0,40.0,31.0,13.0,31.0
496000.0,666.0,12.0,40.0,32.0,13.0,32.0
497000.0,669.0,15.0,38.0,31.0,13.0,32.0
498000.0,667.0,10.0,35.0,32.0,13.0,32.0
499000.0,671.0,12.0,39.0,29.0,13.0,32.0
500000.0,676.0,13.0,38.0,30.0,13.0,29.0
501000.0,675.0,14.0,35.0,30.0,15.0,30.0
502000.0,673.0,19.0,31.0,30.0,15.0,31.0
503000.0,683.0,14.0,29.0,31.0,17.0,30.0
504000.0,692.0,13.0,26.0,27.0,18.0,30.0
505000.0,680.0,14.0,28.0,30.0,16.0,33.0
506000.0,672.0,13.0,29.0,29.0,17.0,34.0
507000.0,663.0,12.0,27.0,32.0,18.0,35.0
508000.0,656.0,13.0,23.0,29.0,18.0,35.0
509000.0,665.0,11.0,25.0,33.0,15.0,36.0
510000.0,667.0,11.0,22.0,34.0,16.0,32.0
511000.0,691.0,9.0,23.0,32.0,18.0,33.0
512000.0,675.0,6.0,21.0,30.0,22.0,33.0
513000.0,688.0,10.0,24.0,28.0,21.0,29.0
514000.0,684.0,11.0,24.0,31.0,23.0,31.0
515000.0,694.0,9.0,24.0,28.0,23.0,32.0
516000.0,691.0,9.0,26.0,28.0,20.0,27.0
517000.0,692.0,7.0,26.0,31.0,18.0,25.0
518000.0,687.0,8.0,29.0,31.0,18.0,25.0
519000.0,694.0,9.0,29.0,28.0,16.0,30.0
520000.0,693.0,9.0,29.0,27.0,15.0,28.0
521000.0,696.0,7.0,22.0,26.0,18.0,32.0
522000.0,682.0,6.0,22.0,27.0,16.0,33.0
523000.0,692.0,7.0,25.0,27.0,16.0,36.0
524000.0,690.0,9.0,22.0,27.0,17.0,32.0
525000.0,694.0,7.0,26.0,27.0,18.0,32.0
526000.0,699.0,9.0,22.0,26.0,14.0,33.0
527000.0,698.0,11.0,25.0,25.0,15.0,38.0
528000.0,685.0,12.0,23.0,26.0,14.0,41.0
529000.0,680.0,11.0,27.0,25.0,17.0,43.0
530000.0,668.0,9.0,22.0,28.0,15.0,40.0
531000.0,670.0,14.0,22.0,25.0,14.0,42.0
532000.0,681.0,13.0,23.0,25.0,14.0,38.0
533000.0,672.0,12.0,23.0,24.0,14.0,39.0
534000.0,685.0,9.0,22.0,25.0,15.0,36.0
535000.0,690.0,15.0,21.0,27.0,14.0,36.0
536000.0,691.0,12.0,17.0,25.0,16.0,36.0
537000.0,696.0,11.0,15.0,23.0,15.0,35.0
538000.0,688.0,13.0,16.0,23.0,17.0,37.0
539000.0,682.0,17.0,17.0,24.0,13.0,37.0
540000.0,701.0,15.0,19.0,24.0,13.0,39.0
541000.0,684.0,16.0,21.0,25.0,10.0,39.0
542000.0,682.0,13.0,21.0,26.0,11.0,40.0
543000.0,682.0,13.0,19.0,24.0,15.0,39.0
544000.0,682.0,16.0,22.0,26.0,13.0,41.0
545000.0,687.0,14.0,17.0,22.0,13.0,39.0
546000.0,686.0,15.0,18.0,23.0,15.0,40.0
547000.0,680.0,16.0,20.0,22.0,15.0,40.0
548000.0,689.0,13.0,19.0,22.0,12.0,40.0
549000.0,689.0,13.0,19.0,22.0,13.0,39.0
550000.0,674.0,13.0,16.0,20.0,11.0,38.0
551000.0,679.0,15.0,18.0,20.0,14.0,40.0
552000.0,694.0,13.0,13.0,25.0,10.0,41.0
553000.0,690.0,13.0,12.0,25.0,14.0,41.0
554000.0,692.0,14.0,13.0,23.0,18.0,41.0
555000.0,701.0,10.0,16.0,23.0,13.0,39.0
556000.0,695.0,8.0,15.0,20.0,10.0,41.0
557000.0,695.0,14.0,17.0,19.0,9.0,43.0
558000.0,699.0,13.0,15.0,20.0,9.0,45.0
559000.0,678.0,13.0,16.0,23.0,11.0,48.0
560000.0,684.0,13.0,14.0,21.0,11.0,53.0
561000.0,687.0,11.0,10.0,27.0,12.0,49.0
562000.0,694.0,12.0,13.0,26.0,10.0,47.0
563000.0,697.0,13.0,16.0,28.0,9.0,43.0
564000.0,681.0,12.0,18.0,24.0,10.0,40.0
565000.0,689.0,12.0,19.0,26.0,14.0,38.0
566000.0,690.0,12.0,23.0,28.0,11.0,34.0
567000.0,686.0,11.0,19.0,27.0,12.0,39.0
568000.0,703.0,7.0,15.0,28.0,14.0,41.0
569000.0,697.0,11.0,17.0,27.0,12.0,39.0
570000.0,695.0,14.0,14.0,29.0,12.0,37.0
571000.0,684.0,10.0,15.0,31.0,12.0,37.0
572000.0,685.0,11.0,17.0,27.0,9.0,38.0
573000.0,695.0,8.0,15.0,29.0,16.0,34.0
574000.0,692.0,10.0,16.0,31.0,12.0,31.0
575000.0,700.0,12.0,18.0,30.0,13.0,29.0
576000.0,700.0,11.0,15.0,27.0,10.0,31.0
577000.0,692.0,12.0,16.0,31.0,9.0,31.0
578000.0,693.0,12.0,17.0,30.0,8.0,27.0
579000.0,692.0,17.0,15.0,31.0,8.0,29.0
580000.0,692.0,15.0,13.0,31.0,9.0,34.0
581000.0,690.0,14.0,15.0,26.0,9.0,32.0
582000.0,692.0,11.0,20.0,26.0,9.0,35.0
583000.0,680.0,13.0,21.0,27.0,9.0,34.0
584000.0,688.0,13.0,19.0,32.0,9.0,39.0
585000.0,685.0,14.0,20.0,35.0,10.0,37.0
586000.0,694.0,13.0,21.0,32.0,10.0,37.0
587000.0,694.0,12.0,17.0,31.0,8.0,40.0
588000.0,686.0,13.0,18.0,29.0,8.0,40.0
589000.0,681.0,15.0,18.0,33.0,11.0,34.0
590000.0,683.0,13.0,24.0,32.0,11.0,39.0
591000.0,683.0,14.0,23.0,34.0,12.0,40.0
592000.0,679.0,12.0,22.0,34.0,11.0,41.0
593000.0,679.0,13.0,21.0,29.0,12.0,41.0
594000.0,691.0,13.0,21.0,28.0,10.0,35.0
595000.0,685.0,13.0,23.0,26.0,13.0,35.0
596000.0,677.0,13.0,19.0,27.0,13.0,37.0
597000.0,684.0,13.0,25.0,25.0,15.0,34.0
598000.0,688.0,11.0,26.0,23.0,20.0,32.0
599000.0,683.0,10.0,26.0,23.0,20.0,35.0
600000.0,689.0,12.0,22.0,24.0,19.0,35.0
601000.0,682.0,12.0,27.0,24.0,22.0,36.0
602000.0,678.0,12.0,28.0,23.0,19.0,36.0
603000.0,683.0,10.0,32.0,21.0,17.0,36.0
604000.0,689.0,9.0,26.0,20.0,17.0,35.0
605000.0,689.0,13.0,27.0,21.0,18.0,37.0
606000.0,680.0,13.0,32.0,17.0,17.0,34.0
607000.0,686.0,10.0,30.0,19.0,16.0,34.0
608000.0,679.0,12.0,27.0,22.0,15.0,34.0
609000.0,683.0,12.0,25.0,17.0,19.0,37.0
610000.0,683.0,13.0,26.0,18.0,16.0,36.0
611000.0,679.0,13.0,24.0,17.0,19.0,34.0
612000.0,685.0,11.0,23.0,23.0,15.0,33.0
613000.0,694.0,12.0,19.0,21.0,14.0,34.0
614000.0,686.0,12.0,21.0,19.0,16.0,36.0
615000.0,690.0,10.0,25.0,23.0,17.0,32.0
616000.0,689.0,11.0,24.0,25.0,19.0,37.0
617000.0,692.0,12.0,24.0,22.0,17.0,36.0
618000.0,691.0,11.0,21.0,23.0,19.0,35.0
619000.0,701.0,10.0,19.0,24.0,17.0,40.0
620000.0,695.0,14.0,19.0,22.0,17.0,40.0
621000.0,682.0,15.0,20.0,22.0,15.0,42.0
622000.0,686.0,14.0,24.0,21.0,13.0,43.0
623000.0,678.0,16.0,22.0,24.0,12.0,42.0
624000.0,668.0,13.0,21.0,27.0,11.0,40.0
625000.0,670.0,13.0,21.0,29.0,14.0,36.0
626000.0,683.0,13.0,20.0,28.0,12.0,39.0
627000.0,664.0,8.0,17.0,33.0,11.0,45.0
628000.0,669.0,10.0,22.0,35.0,12.0,49.0
629000.0,678.0,10.0,20.0,36.0,12.0,46.0
630000.0,679.0,11.0,18.0,36.0,14.0,47.0
631000.0,676.0,13.0,19.0,35.0,15.0,45.0
632000.0,673.0,11.0,16.0,32.0,12.0,40.0
633000.0,668.0,16.0,18.0,31.0,15.0,44.0
634000.0,679.0,15.0,18.0,29.0,14.0,39.0
635000.0,672.0,15.0,21.0,34.0,13.0,39.0
636000.0,676.0,13.0,20.0,39.0,13.0,36.0
637000.0,677.0,15.0,19.0,36.0,12.0,37.0
638000.0,674.0,14.0,21.0,42.0,12.0,34.0
639000.0,665.0,16.0,18.0,40.0,14.0,37.0
640000.0,664.0,17.0,17.0,43.0,13.0,39.0
641000.0,668.0,19.0,17.0,40.0,16.0,34.0
642000.0,665.0,17.0,19.0,47.0,14.0,39.0
643000.0,655.0,17.0,20.0,40.0,16.0,36.0
644000.0,657.0,21.0,16.0,42.0,12.0,34.0
645000.0,655.0,15.0,18.0,40.0,13.0,38.0
646000.0,664.0,13.0,18.0,40.0,11.0,40.0
647000.0,666.0,10.0,20.0,35.0,11.0,36.0
648000.0,652.0,15.0,17.0,37.0,11.0,36.0
649000.0,648.0,20.0,25.0,34.0,11.0,34.0
650000.0,644.0,22.0,26.0,31.0,9.0,43.0
651000.0,663.0,19.0,27.0,31.0,5.0,46.0
652000.0,660.0,18.0,27.0,36.0,7.0,41.0
653000.0,668.0,19.0,25.0,37.0,12.0,41.0
654000.0,672.0,17.0,23.0,33.0,11.0,42.0
655000.0,665.0,17.0,24.0,37.0,8.0,40.0
656000.0,658.0,19.0,27.0,37.0,10.0,44.0
657000.0,662.0,19.0,25.0,34.0,10.0,46.0
658000.0,649.0,16.0,25.0,35.0,9.0,46.0
659000.0,654.0,14.0,27.0,35.0,11.0,40.0
660000.0,653.0,16.0,26.0,33.0,16.0,43.0
661000.0,655.0,15.0,29.0,37.0,16.0,42.0
662000.0,647.0,16.0,30.0,40.0,15.0,41.0
663000.0,653.0,19.0,31.0,32.0,15.0,42.0
664000.0,662.0,17.0,33.0,30.0,16.0,40.0
665000.0,656.0,20.0,30.0,27.0,16.0,40.0
666000.0,662.0,17.0,30.0,30.0,12.0,42.0
667000.0,658.0,26.0,26.0,27.0,17.0,37.0
668000.0,658.0,21.0,32.0,27.0,14.0,36.0
669000.0,653.0,22.0,28.0,28.0,18.0,35.0
670000.0,663.0,20.0,26.0,26.0,19.0,36.0
671000.0,672.0,18.0,28.0,30.0,16.0,32.0
672000.0,677.0,16.0,26.0,27.0,17.0,34.0
673000.0,670.0,16.0,25.0,29.0,18.0,36.0
674000.0,666.0,19.0,25.0,28.0,17.0,35.0
675000.0,663.0,13.0,28.0,32.0,19.0,35.0
676000.0,678.0,12.0,27.0,28.0,17.0,32.0
677000.0,686.0,12.0,25.0,30.0,16.0,29.0
678000.0,688.0,12.0,30.0,26.0,18.0,29.0
679000.0,691.0,14.0,28.0,20.0,17.0,30.0
680000.0,674.0,14.0,30.0,25.0,18.0,32.0
681000.0,674.0,15.0,28.0,26.0,18.0,29.0
682000.0,684.0,17.0,27.0,25.0,19.0,29.0
683000.0,678.0,15.0,28.0,25.0,15.0,29.0
684000.0,677.0,13.0,30.0,25.0,15.0,28.0
685000.0,678.0,17.0,34.0,23.0,17.0,28.0
686000.0,687.0,12.0,32.0,24.0,14.0,34.0
687000.0,677.0,14.0,31.0,20.0,21.0,31.0
688000.0,685.0,13.0,24.0,22.0,20.0,32.0
689000.0,687.0,13.0,25.0,25.0,18.0,34.0
690000.0,681.0,11.0,24.0,25.0,14.0,33.0
691000.0,672.0,14.0,27.0,23.0,16.0,34.0
692000.0,685.0,13.0,26.0,24.0,14.0,35.0
693000.0,695.0,12.0,24.0,22.0,12.0,40.0
694000.0,684.0,12.0,22.0,25.0,14.0,33.0
695000.0,701.0,13.0,19.0,27.0,11.0,34.0
696000.0,703.0,13.0,19.0,26.0,12.0,33.0
697000.0,695.0,14.0,20.0,29.0,15.0,34.0
698000.0,692.0,13.0,19.0,24.0,15.0,35.0
699000.0,683.0,16.0,21.0,29.0,17.0,35.0
700000.0,679.0,18.0,18.0,24.0,18.0,30.0
701000.0,701.0,15.0,20.0,25.0,20.0,32.0
702000.0,691.0,17.0,15.0,27.0,17.0,35.0
703000.0,688.0,17.0,19.0,29.0,16.0,38.0
704000.0,678.0,17.0,21.0,31.0,20.0,36.0
705000.0,692.0,16.0,21.0,28.0,18.0,35.0
706000.0,687.0,17.0,17.0,27.0,15.0,32.0
707000.0,685.0,15.0,20.0,26.0,17.0,32.0
708000.0,684.0,21.0,21.0,21.0,17.0,33.0
709000.0,663.0,25.0,19.0,27.0,19.0,36.0
710000.0,666.0,21.0,20.0,28.0,19.0,38.0
711000.0,666.0,23.0,18.0,31.0,20.0,34.0
712000.0,664.0,24.0,18.0,31.0,19.0,34.0
713000.0,655.0,20.0,23.0,31.0,20.0,38.0
714000.0,658.0,25.0,24.0,31.0,19.0,40.0
715000.0,663.0,28.0,24.0,28.0,17.0,34.0
716000.0,658.0,28.0,22.0,32.0,19.0,36.0
717000.0,658.0,28.0,20.0,34.0,14.0,38.0
718000.0,655.0,30.0,18.0,32.0,14.0,43.0
719000.0,657.0,27.0,17.0,33.0,10.0,42.0
720000.0,657.0,31.0,18.0,36.0,12.0,36.0
721000.0,647.0,32.0,18.0,33.0,15.0,39.0
722000.0,641.0,30.0,21.0,36.0,16.0,42.0
723000.0,633.0,29.0,22.0,33.0,16.0,41.0
724000.0,645.0,30.0,19.0,33.0,18.0,42.0
725000.0,638.0,28.0,18.0,31.0,18.0,36.0
726000.0,644.0,21.0,17.0,36.0,16.0,41.0
727000.0,652.0,24.0,16.0,38.0,15.0,36.0
728000.0,651.0,25.0,20.0,36.0,18.0,33.0
729000.0,653.0,19.0,16.0,33.0,16.0,36.0
730000.0,655.0,15.0,18.0,31.0,16.0,34.0
731000.0,666.0,20.0,17.0,30.0,16.0,39.0
732000.0,656.0,20.0,18.0,33.0,15.0,39.0
733000.0,651.0,24.0,20.0,36.0,15.0,37.0
734000.0,655.0,26.0,18.0,34.0,16.0,40.0
735000.0,668.0,23.0,20.0,33.0,12.0,42.0
736000.0,664.0,21.0,24.0,37.0,12.0,40.0
737000.0,671.0,22.0,24.0,41.0,12.0,37.0
738000.0,675.0,19.0,24.0,37.0,13.0,39.0
739000.0,664.0,18.0,21.0,37.0,13.0,37.0
740000.0,657.0,18.0,24.0,40.0,13.0,45.0
741000.0,662.0,16.0,23.0,43.0,15.0,39.0
742000.0,656.0,15.0,24.0,44.0,12.0,41.0
743000.0,647.0,17.0,24.0,43.0,12.0,42.0
744000.0,661.0,14.0,19.0,41.0,14.0,38.0
745000.0,672.0,15.0,19.0,41.0,11.0,37.0
746000.0,666.0,16.0,23.0,37.0,12.0,40.0
747000.0,677.0,12.0,21.0,38.0,15.0,37.0
748000.0,661.0,15.0,20.0,40.0,14.0,37.0
749000.0,663.0,12.0,24.0,35.0,15.0,36.0
750000.0,664.0,11.0,20.0,35.0,15.0,40.0
751000.0,668.0,11.0,22.0,37.0,14.0,44.0
752000.0,668.0,9.0,24.0,38.0,12.0,44.0
753000.0,659.0,13.0,22.0,36.0,13.0,39.0
754000.0,661.0,14.0,23.0,38.0,12.0,40.0
755000.0,660.0,13.0,25.0,37.0,13.0,42.0
756000.0,677.0,10.0,24.0,38.0,16.0,36.0
757000.0,677.0,9.0,18.0,34.0,14.0,38.0
758000.0,685.0,8.0,28.0,31.0,12.0,37.0
759000.0,690.0,8.0,25.0,29.0,12.0,38.0
760000.0,690.0,8.0,22.0,25.0,14.0,33.0
761000.0,693.0,9.0,20.0,23.0,14.0,32.0
762000.0,702.0,8.0,18.0,19.0,13.0,31.0
763000.0,700.0,7.0,21.0,20.0,10.0,29.0
764000.0,700.0,7.0,21.0,21.0,11.0,35.0
765000.0,693.0,7.0,20.0,18.0,13.0,37.0
766000.0,696.0,8.0,19.0,21.0,13.0,35.0
767000.0,710.0,6.0,18.0,22.0,12.0,32.0
768000.0,698.0,5.0,14.0,24.0,14.0,35.0
769000.0,709.0,6.0,16.0,23.0,14.0,35.0
770000.0,707.0,6.0,13.0,22.0,18.0,33.0
771000.0,712.0,8.0,10.0,22.0,13.0,36.0
772000.0,713.0,9.0,11.0,24.0,10.0,33.0
773000.0,713.0,8.0,15.0,23.0,11.0,34.0
774000.0,721.0,8.0,9.0,26.0,12.0,31.0
775000.0,700.0,11.0,13.0,22.0,16.0,29.0
776000.0,693.0,8.0,12.0,25.0,13.0,34.0
777000.0,688.0,7.0,13.0,26.0,16.0,33.0
778000.0,704.0,9.0,9.0,20.0,15.0,40.0
779000.0,715.0,8.0,11.0,23.0,17.0,38.0
780000.0,705.0,8.0,11.0,22.0,16.0,37.0
781000.0,700.0,11.0,14.0,25.0,15.0,39.0
782000.0,695.0,12.0,16.0,24.0,13.0,42.0
783000.0,696.0,9.0,15.0,24.0,14.0,42.0
784000.0,700.0,9.0,15.0,23.0,12.0,41.0
785000.0,704.0,11.0,15.0,21.0,16.0,39.0
786000.0,705.0,12.0,11.0,21.0,15.0,41.0
787000.0,703.0,10.0,12.0,23.0,12.0,33.0
788000.0,704.0,12.0,12.0,25.0,13.0,42.0
789000.0,690.0,12.0,14.0,21.0,14.0,40.0
790000.0,690.0,9.0,13.0,25.0,17.0,38.0
791000.0,681.0,9.0,15.0,25.0,20.0,39.0
792000.0,678.0,13.0,17.0,25.0,16.0,40.0
793000.0,685.0,17.0,16.0,31.0,14.0,43.0
794000.0,681.0,15.0,14.0,33.0,14.0,44.0
795000.0,686.0,11.0,14.0,34.0,16.0,42.0
796000.0,673.0,11.0,18.0,35.0,14.0,45.0
797000.0,680.0,10.0,15.0,35.0,15.0,41.0
798000.0,692.0,7.0,17.0,36.0,15.0,36.0
799000.0,687.0,8.0,18.0,31.0,15.0,33.0
800000.0,687.0,9.0,20.0,38.0,14.0,42.0
801000.0,681.0,12.0,20.0,38.0,14.0,36.0
802000.0,688.0,14.0,21.0,33.0,15.0,32.0
803000.0,674.0,13.0,16.0,33.0,19.0,34.0
804000.0,702.0,11.0,15.0,32.0,14.0,29.0
805000.0,689.0,10.0,15.0,36.0,13.0,30.0
806000.0,697.0,10.0,19.0,38.0,15.0,28.0
807000.0,693.0,8.0,15.0,36.0,17.0,28.0
808000.0,688.0,11.0,14.0,40.0,14.0,27.0
809000.0,689.0,10.0,13.0,39.0,14.0,28.0
810000.0,689.0,9.0,15.0,40.0,13.0,27.0
811000.0,689.0,8.0,12.0,41.0,15.0,33.0
812000.0,696.0,8.0,9.0,40.0,13.0,34.0
813000.0,694.0,8.0,10.0,41.0,11.0,32.0
814000.0,692.0,7.0,10.0,39.0,15.0,33.0
815000.0,701.0,7.0,9.0,39.0,12.0,31.0
816000.0,697.0,9.0,11.0,34.0,13.0,29.0
817000.0,703.0,13.0,10.0,35.0,13.0,28.0
818000.0,693.0,14.0,11.0,39.0,12.0,26.0
819000.0,690.0,12.0,13.0,34.0,13.0,34.0
820000.0,698.0,10.0,11.0,32.0,12.0,30.0
821000.0,710.0,6.0,9.0,30.0,16.0,30.0
822000.0,698.0,5.0,10.0,32.0,18.0,31.0
823000.0,696.0,6.0,8.0,31.0,15.0,34.0
824000.0,698.0,6.0,12.0,32.0,20.0,33.0
825000.0,678.0,7.0,15.0,31.0,18.0,39.0
826000.0,686.0,7.0,14.0,32.0,18.0,38.0
827000.0,682.0,8.0,13.0,30.0,21.0,38.0
828000.0,689.0,12.0,11.0,31.0,20.0,32.0
829000.0,690.0,8.0,13.0,27.0,24.0,33.0
830000.0,691.0,12.0,16.0,24.0,18.0,35.0
831000.0,694.0,13.0,15.0,27.0,21.0,35.0
832000.0,697.0,11.0,12.0,25.0,18.0,33.0
833000.0,690.0,11.0,13.0,26.0,15.0,38.0
834000.0,686.0,13.0,18.0,24.0,14.0,38.0
835000.0,691.0,11.0,19.0,25.0,13.0,29.0
836000.0,713.0,10.0,24.0,28.0,12.0,31.0
837000.0,697.0,9.0,22.0,27.0,12.0,28.0
838000.0,701.0,6.0,19.0,28.0,11.0,25.0
839000.0,697.0,6.0,19.0,32.0,10.0,30.0
840000.0,706.0,7.0,19.0,35.0,10.0,26.0
841000.0,712.0,7.0,16.0,36.0,9.0,26.0
842000.0,708.0,7.0,14.0,36.0,8.0,24.0
843000.0,714.0,8.0,17.0,32.0,8.0,26.0
844000.0,710.0,10.0,20.0,28.0,10.0,22.0
845000.0,701.0,9.0,17.0,34.0,11.0,25.0
846000.0,705.0,12.0,19.0,32.0,12.0,28.0
847000.0,693.0,12.0,16.0,31.0,7.0,28.0
848000.0,686.0,12.0,17.0,31.0,13.0,27.0
849000.0,695.0,10.0,16.0,32.0,11.0,25.0
850000.0,692.0,12.0,17.0,35.0,8.0,28.0
851000.0,699.0,15.0,16.0,31.0,7.0,25.0
852000.0,709.0,17.0,18.0,28.0,7.0,23.0
853000.0,710.0,15.0,18.0,28.0,8.0,22.0
854000.0,692.0,19.0,19.0,28.0,10.0,24.0
855000.0,692.0,19.0,20.0,28.0,12.0,20.0
856000.0,708.0,21.0,22.0,26.0,10.0,20.0
857000.0,712.0,20.0,18.0,26.0,9.0,19.0
858000.0,705.0,20.0,19.0,27.0,8.0,22.0
859000.0,695.0,23.0,20.0,32.0,9.0,21.0
860000.0,698.0,23.0,19.0,32.0,11.0,20.0
861000.0,691.0,23.0,19.0,34.0,9.0,22.0
862000.0,691.0,19.0,20.0,32.0,9.0,23.0
863000.0,695.0,22.0,18.0,32.0,10.0,25.0
864000.0,701.0,19.0,20.0,28.0,8.0,24.0
865000.0,690.0,21.0,18.0,32.0,6.0,25.0
866000.0,698.0,17.0,18.0,30.0,9.0,25.0
867000.0,708.0,18.0,12.0,31.0,6.0,24.0
868000.0,694.0,19.0,21.0,30.0,7.0,20.0
869000.0,703.0,19.0,21.0,28.0,7.0,23.0
870000.0,696.0,19.0,17.0,31.0,8.0,28.0
871000.0,693.0,17.0,21.0,29.0,7.0,28.0
872000.0,705.0,19.0,18.0,30.0,8.0,27.0
873000.0,700.0,21.0,19.0,32.0,7.0,28.0
874000.0,696.0,19.0,15.0,31.0,10.0,30.0
875000.0,700.0,18.0,14.0,28.0,6.0,30.0
876000.0,701.0,15.0,15.0,30.0,7.0,29.0
877000.0,701.0,15.0,16.0,30.0,7.0,29.0
878000.0,706.0,14.0,15.0,29.0,5.0,26.0
879000.0,717.0,12.0,15.0,29.0,6.0,29.0
880000.0,712.0,14.0,17.0,27.0,9.0,28.0
881000.0,711.0,12.0,10.0,26.0,9.0,32.0
882000.0,706.0,13.0,17.0,30.0,7.0,32.0
883000.0,701.0,13.0,18.0,28.0,8.0,35.0
884000.0,702.0,11.0,21.0,32.0,9.0,32.0
885000.0,697.0,13.0,21.0,34.0,10.0,31.0
886000.0,685.0,10.0,19.0,31.0,11.0,29.0
887000.0,701.0,12.0,18.0,29.0,9.0,31.0
888000.0,700.0,10.0,19.0,32.0,9.0,35.0
889000.0,697.0,11.0,20.0,31.0,8.0,32.0
890000.0,693.0,11.0,20.0,30.0,9.0,35.0
891000.0,691.0,10.0,18.0,29.0,8.0,41.0
892000.0,703.0,11.0,21.0,29.0,9.0,34.0
893000.0,690.0,10.0,19.0,26.0,9.0,36.0
894000.0,702.0,10.0,22.0,25.0,11.0,40.0
895000.0,700.0,11.0,21.0,24.0,9.0,40.0
896000.0,692.0,12.0,19.0,25.0,11.0,41.0
897000.0,700.0,13.0,20.0,23.0,16.0,36.0
898000.0,705.0,10.0,22.0,24.0,14.0,35.0
899000.0,696.0,9.0,21.0,27.0,13.0,34.0
900000.0,699.0,12.0,20.0,26.0,10.0,34.0
901000.0,706.0,10.0,17.0,26.0,10.0,30.0
902000.0,701.0,11.0,18.0,24.0,10.0,32.0
903000.0,714.0,11.0,23.0,26.0,9.0,31.0
904000.0,713.0,9.0,21.0,27.0,9.0,34.0
905000.0,712.0,7.0,21.0,24.0,10.0,33.0
906000.0,705.0,7.0,19.0,25.0,14.0,32.0
907000.0,710.0,6.0,20.0,28.0,13.0,29.0
908000.0,712.0,5.0,20.0,23.0,12.0,31.0
909000.0,702.0,8.0,20.0,23.0,11.0,34.0
910000.0,721.0,5.0,21.0,23.0,11.0,35.0
911000.0,717.0,4.0,21.0,20.0,13.0,34.0
912000.0,707.0,4.0,18.0,23.0,13.0,34.0
913000.0,701.0,6.0,22.0,20.0,10.0,31.0
914000.0,702.0,5.0,18.0,24.0,10.0,30.0
915000.0,704.0,6.0,20.0,23.0,13.0,32.0
916000.0,709.0,4.0,17.0,23.0,10.0,34.0
917000.0,716.0,6.0,17.0,21.0,10.0,33.0
918000.0,709.0,7.0,18.0,19.0,11.0,33.0
919000.0,717.0,6.0,13.0,15.0,10.0,33.0
920000.0,722.0,7.0,14.0,18.0,11.0,35.0
921000.0,708.0,7.0,17.0,16.0,11.0,35.0
922000.0,700.0,12.0,21.0,16.0,13.0,33.0
923000.0,696.0,12.0,20.0,19.0,12.0,30.0
924000.0,695.0,14.0,20.0,19.0,11.0,32.0
925000.0,706.0,10.0,18.0,18.0,12.0,34.0
926000.0,709.0,14.0,20.0,19.0,9.0,30.0
927000.0,699.0,11.0,22.0,22.0,10.0,30.0
928000.0,696.0,14.0,24.0,25.0,10.0,33.0
929000.0,697.0,14.0,21.0,25.0,9.0,32.0
930000.0,704.0,12.0,18.0,23.0,9.0,31.0
931000.0,719.0,13.0,20.0,25.0,8.0,32.0
932000.0,710.0,14.0,20.0,24.0,9.0,30.0
933000.0,708.0,14.0,20.0,26.0,13.0,30.0
934000.0,700.0,15.0,20.0,27.0,12.0,29.0
935000.0,692.0,14.0,23.0,28.0,13.0,29.0
936000.0,705.0,16.0,20.0,27.0,12.0,29.0
937000.0,695.0,15.0,16.0,27.0,13.0,27.0
938000.0,698.0,11.0,20.0,25.0,11.0,32.0
939000.0,695.0,13.0,21.0,27.0,14.0,32.0
940000.0,704.0,14.0,17.0,25.0,11.0,32.0
941000.0,691.0,14.0,15.0,25.0,11.0,30.0
942000.0,696.0,12.0,15.0,25.0,11.0,35.0
943000.0,702.0,12.0,15.0,30.0,9.0,35.0
944000.0,707.0,10.0,14.0,31.0,11.0,37.0
945000.0,702.0,12.0,17.0,34.0,7.0,33.0
946000.0,703.0,10.0,15.0,27.0,11.0,35.0
947000.0,707.0,13.0,19.0,25.0,9.0,29.0
948000.0,704.0,16.0,22.0,29.0,12.0,36.0
949000.0,699.0,14.0,17.0,27.0,7.0,34.0
950000.0,685.0,16.0,19.0,28.0,9.0,35.0
951000.0,686.0,19.0,20.0,32.0,10.0,30.0
952000.0,695.0,19.0,22.0,30.0,9.0,33.0
953000.0,680.0,21.0,22.0,33.0,10.0,34.0
954000.0,690.0,23.0,19.0,31.0,8.0,28.0
955000.0,683.0,21.0,18.0,33.0,10.0,29.0
956000.0,689.0,20.0,20.0,30.0,13.0,28.0
957000.0,686.0,19.0,20.0,28.0,12.0,27.0
958000.0,691.0,17.0,15.0,28.0,13.0,30.0
959000.0,685.0,18.0,16.0,30.0,11.0,32.0
960000.0,695.0,19.0,15.0,33.0,9.0,35.0
961000.0,689.0,19.0,16.0,31.0,9.0,34.0
962000.0,671.0,21.0,16.0,37.0,9.0,35.0
963000.0,686.0,22.0,16.0,34.0,7.0,33.0
964000.0,685.0,20.0,20.0,35.0,10.0,28.0
965000.0,690.0,19.0,18.0,33.0,10.0,26.0
966000.0,686.0,22.0,15.0,33.0,8.0,28.0
967000.0,686.0,23.0,17.0,31.0,8.0,28.0
968000.0,690.0,22.0,13.0,32.0,9.0,31.0
969000.0,684.0,27.0,14.0,36.0,9.0,31.0
970000.0,673.0,26.0,15.0,31.0,9.0,34.0
971000.0,669.0,23.0,15.0,32.0,9.0,34.0
972000.0,681.0,21.0,15.0,35.0,10.0,37.0
973000.0,674.0,23.0,17.0,36.0,9.0,35.0
974000.0,665.0,25.0,21.0,33.0,7.0,36.0
975000.0,671.0,21.0,23.0,32.0,9.0,38.0
976000.0,671.0,17.0,20.0,34.0,12.0,39.0
977000.0,679.0,18.0,22.0,33.0,14.0,40.0
978000.0,681.0,18.0,21.0,30.0,13.0,35.0
979000.0,688.0,17.0,21.0,31.0,11.0,34.0
980000.0,690.0,15.0,25.0,31.0,10.0,32.0
981000.0,694.0,16.0,21.0,28.0,8.0,31.0
982000.0,702.0,15.0,21.0,23.0,9.0,28.0
983000.0,706.0,18.0,20.0,23.0,7.0,34.0
984000.0,697.0,19.0,24.0,26.0,11.0,36.0
985000.0,708.0,13.0,20.0,26.0,8.0,34.0
986000.0,702.0,14.0,22.0,26.0,8.0,31.0
987000.0,687.0,19.0,27.0,27.0,9.0,26.0
988000.0,694.0,21.0,19.0,29.0,8.0,25.0
989000.0,689.0,21.0,19.0,28.0,9.0,29.0
990000.0,691.0,19.0,18.0,34.0,10.0,30.0
991000.0,688.0,21.0,20.0,34.0,10.0,28.0
992000.0,704.0,20.0,22.0,30.0,9.0,27.0
993000.0,692.0,22.0,21.0,30.0,9.0,26.0
994000.0,702.0,21.0,22.0,28.0,7.0,24.0
995000.0,698.0,20.0,17.0,29.0,11.0,25.0
996000.0,698.0,22.0,21.0,27.0,10.0,23.0
997000.0,700.0,24.0,17.0,35.0,8.0,25.0
998000.0,697.0,21.0,15.0,32.0,9.0,24.0
999000.0,700.0,20.0,16.0,34.0,10.0,26.0
